Table 211. Pom· 100 plantes·

 

18

 

 

Poidn ‚ N d'aspara- N des ac.
don grainan P⁰¹d⁵ frah gine amid6s
1111. 111111.ἶ 0⁸1¹ 1111111117. 8811 1111111117. ΘΜ
aminea 10106 - - 09677 03190 00579 00606
carmes 11590 - 9-997 09731 0 6931 00361 00419
1 jour 11974 36-10 9600 09469 07569 00355 01545
2 jours 11·332 41⁰1? 9·717 09298 0·7()7.⁷› 0-054-3 &1680
3 ,, 11 973 4770 10 963 09343 06734 0 0719 09397
4 ,, 11903 1 16-00 9653 09599 05769 01600 09030
‚ , 1 11-990 6500 9-533 09633 05499 09346 01600
⁰ ³'⁸‘ l 11-604 13475 10303 09740 04065 03499 09176
6 joun 11-900 139-00 9330 09501 05191 09914 09166
7 ,, 11043 11000 9466 09133 03116 03746 09974
10 ,, 965010970 19444113994 10094 10535 03033 06393 09696 03064 03793 0 4641 01739 01133
15 „ 10676 10360 17149 145-36 10917 11-097 03991 03769 03971 03063 04614 04199 0033601507
90 ,, 10306 10346 176-37ἱ19491 10497 15015 07915 09635 03147 04593 09747 03339 01391 01153
, , 1 9663Ι 9-643 996 00191694 17 939 16566 09915 10396 05015 04730 03065 04773 01135,01337
‘'³⁰³¹‘' l 9303 9-796 90600 931-46 16011 13107 09635 19963 04349 04907 04399 04646 00694109715
40 jem 9634 - 36600 - 39966 - 1-0565 - 07395 - 09196 - 00614, -
50 ,, 9-733 9-744 37999 34000 3556630595 09604 1-1649 0761007566 00336 09705 01356101376
70 ,, 9700 9-730 3499333751 43319145 673 09761 09436 0610507673 01050 00779 00606 00961

